18.9590506942548					
4.92617426672093					
16.5122472002744					
25.8612387623581					
25.5439780071245					
27.1686009734297					
12.5172462405662					
12.4701337537502					
10.0026123125223					
29.6502616636288					
38.6004719811364					
28.8659266389254					
8.61392492500479					
33.476348755348					
4.77539952175705					
15.0403686815865					
29.3285831184373					
37.4714653725908					
16.0655814207461					
5.028307697376					
28.5376095576231					
35.2904026713747					
20.3707343356444					
22.7591690260198					
7.40225942067943					
37.6490384553772					
7.90446362126869					
11.6203372636072					
39.6304574730025					
3.97047630665877					
38.2413024073232					
22.2137049341356					
32.4595567785407					
25.0138791521655					
6.82609594550768					
14.0373703482101					
21.1219066316702					
25.9532991789018					
35.8361582071574					
31.6970952372545					
7.17799288512786					
24.1061695118503					
6.74716715920435					
26.801835928142					
38.5067585781771					
9.29440673476403					
4.19888645974152					
6.93349139271051					
12.0847391339518					
3.82538287706324					
38.9431136723453					
39.3857133730039					
21.0792794752682					
32.8428973270158					
32.4842741698849					
2.73911295851223					
24.5773990963846					
4.99085315962753					
23.919380742838					
5.2581663640618					
1.82758648272247					
4.76381021572962					
4.26525619004014					
25.0068083850592					
6.74053180824105					
39.2323898472981					
2.21572918744562					
19.0471133000576					
29.8846670013569					
26.2913313514682					
17.3328060179269					
28.9331852336434					
36.1710631012182					
16.0640486121399					
2.1600814928					
37.056773679067					
21.4029584821639					
20.3470243878762					
26.2239722184057					
35.0488995578091					
15.2543612697354					
1.47678264789061					
8.28680293304581					
1.30039924162396					
33.2148444459939					
0.272759402954243					
30.9225713126758					
24.7653610952053					
32.5703978001677					
2.3389407462396					
37.1228822064112					
13.9557583215955					
10.4319972991195					
31.8472014624798					
15.5848499976556					
16.3353304275217					
1.86401347272765					
24.058423741128					
28.597626905916					